0000000			0		0000 270a 0000 0000 0000 0000 0000 0000
0000020			16		0000 0000 0000 0000 0000 004a e803 0000
0000040			32		0100 0000 14ae 47e1 7ab4 57c0 5c8f c2f5
0000060			48		289c 4240 52b8 1e85 eb61 56c0 3d0a d7a3
0000100			64		70dd 4340 0000 0000 0000 0000 0000 0000
0000120			80		0000 0000 0000 0000 0000 0000 0000 0000
0000140			96		0000 0000 0000 0032 0000 000a 0000 0040
0000160			112		0000 000a 0000 004e 0000 000a 0000 005c
0000200			128		0000 000a 0000 006a 0000 000a 0000 0078
0000220			144		0000 000a
0000224			148